0.6994519329
0.7887173562
0.8779827795
0.9672482027
1.0565136260
1.1457790493
1.2350444726
1.3243098958
1.4135753191
1.5028407424
1.5921061656
1.6813715889
1.7706370122
1.8599024354
1.9491678587
2.0384332820
2.1276987052
2.2169641285
2.3062295518
2.3954949750
2.4847603983
2.5740258216
2.6632912449
2.7525566681
2.8418220914
2.9310875147
3.0203529379
3.1096183612
3.1988837845
3.2881492077
3.3774146310
3.4666800543
3.5559454775
3.6452109008
3.7344763241
3.8237417473
3.9130071706
4.0022725939
4.0915380172
4.1808034404
4.2700688637
4.3593342870
4.4485997102
4.5378651335
4.6271305568
4.7163959800
4.8056614033
4.8949268266
4.9841922498
5.0734576731
5.1627230964
5.2519885197
5.3412539429
5.4305193662
5.5197847895
5.6090502127
5.6983156360
5.7875810593
5.8768464825
5.9661119058
6.0553773291
6.1446427523
6.2339081756
6.3231735989
6.4124390221
6.5017044454
6.5909698687
6.6802352920
6.7695007152
6.8587661385
6.9480315618
7.0372969850
7.1265624083
7.2158278316
7.3050932548
7.3943586781
7.4836241014
7.5728895246
7.6621549479
7.7514203712
7.8406857944
7.9299512177
8.0192166410
8.1084820643
8.1977474875
8.2870129108
8.3762783341
8.4655437573
8.5548091806
8.6440746039
8.7333400271
8.8226054504
8.9118708737
9.0011362969
9.0904017202
9.1796671435
9.2689325668
9.3581979900
9.4474634133
9.5367288366
9.6259942598
9.7152596831
9.8045251064
9.8937905296
9.9830559529
10.0723213762
10.1615867994
10.2508522227
10.3401176460
10.4293830692
10.5186484925
10.6079139158
10.6971793391
10.7864447623
10.8757101856
10.9649756089
11.0542410321
11.1435064554
11.2327718787
11.3220373019
11.4113027252
11.5005681485
11.5898335717
11.6790989950
11.7683644183
11.8576298415
11.9468952648
12.0361606881
12.1254261114
12.2146915346
12.3039569579
12.3932223812
12.4824878044
12.5717532277
12.6610186510
12.7502840742
12.8395494975
12.9288149208
13.0180803440
13.1073457673
13.1966111906
13.2858766138
13.3751420371
13.4644074604
13.5536728837
13.6429383069
13.7322037302
13.8214691535
13.9107345767
14.0000000000
