0.0000000000
0.0000000000
0.0000000000
0.0000054219
0.0622835308
0.0881312173
0.1694217490
0.1991356372
0.2643856448
0.3248290467
0.3943457657
0.4496807263
0.5287695670
0.5953259303
0.6606978260
0.7288297858
0.8019539435
0.8812838520
0.9578694825
1.0288321152
1.1004054485
1.1790475571
1.2529688087
1.3276079868
1.4099693781
1.4895916097
1.5657497283
1.6424396386
1.7196087919
1.8005873318
1.8786659925
1.9568458559
2.0352991965
2.1150882988
2.1987570141
2.2793788333
2.3587847921
2.4385062279
2.5183150483
2.5983384852
2.6814716371
2.7618515239
2.8422943553
2.9228747522
3.0036196886
3.0846123019
3.1690500155
3.2523637221
3.3335560216
3.4148701160
3.4962835506
3.5778550500
3.6594984878
3.7432350564
3.8255061335
3.9074003074
3.9892625908
4.0712404229
4.1533934424
4.2355777617
4.3183020986
4.4028432107
4.4871800837
4.5696041096
4.6520153114
4.7344905326
4.8170789829
4.8996997913
4.9823546933
5.0651686776
5.1500067790
5.2328182268
5.3156150411
5.3984820677
5.4813831968
5.5643428536
5.6473418793
5.7303859934
5.8157784303
5.9001551061
5.9838381344
6.0669853417
6.1501296907
6.2333489592
6.3166027063
6.3998403745
6.4831488230
6.5664931810
6.6514761090
6.7351757873
6.8185485717
6.9019582027
6.9854117477
7.0688549308
7.1523261560
7.2358324551
7.3193527406
7.4029049277
7.4885558048
7.5738664802
7.6574719169
7.7410625665
7.8246745281
7.9083106612
7.9919723158
8.0756534147
8.1593349875
8.2430409909
8.3267712676
8.4123497106
8.4960792666
8.5798311051
8.6636032685
8.7473952264
8.8311799776
8.9149892840
8.9987944381
9.0826273200
9.1664747818
9.2522719648
9.3371721219
9.4216930087
9.5055553687
9.5894484444
9.6733296803
9.7572357622
9.8411563198
9.9250910823
10.0090250722
10.0929631822
10.1769239320
10.2626493484
10.3465995488
10.4305710412
10.5145542268
10.5985529156
10.6825422994
10.7665420022
10.8505473655
10.9345589186
11.0185761388
11.1041945037
11.1885089038
11.2741895400
11.3582244855
11.4422719196
11.5263207040
11.6103733569
11.6944346762
11.7785095338
